ts_code,trade_date,open,high,low,close,pre_close,change,pct_chg,vol,amount
600785.SH,20250102,12.86,14.38,12.86,13.85,13.07,0.78,5.9679,428586.79,605538.198
600785.SH,20250103,13.11,13.48,12.47,12.47,13.85,-1.38,-9.9639,267161.01,339199.545
600785.SH,20250106,12.0,12.0,11.22,11.22,12.47,-1.25,-10.0241,187414.21,214002.961
600785.SH,20250107,10.82,11.39,10.73,11.32,11.22,0.1,0.8913,168639.27,187203.312
600785.SH,20250108,11.21,11.66,11.0,11.53,11.32,0.21,1.8551,182605.64,207933.106
600785.SH,20250109,11.31,11.51,11.09,11.22,11.53,-0.31,-2.6886,140235.15,158389.977
600785.SH,20250110,11.2,11.35,10.41,10.46,11.22,-0.76,-6.7736,155950.15,168287.641
600785.SH,20250113,10.31,10.59,9.93,10.49,10.46,0.03,0.2868,107347.18,110704.402
600785.SH,20250114,10.49,10.98,10.49,10.95,10.49,0.46,4.3851,126470.91,136697.753
600785.SH,20250115,10.95,11.08,10.73,10.87,10.95,-0.08,-0.7306,106643.95,116261.462
600785.SH,20250116,10.87,11.39,10.87,11.36,10.87,0.49,4.5078,177152.0,198422.984
600785.SH,20250117,11.29,11.29,11.0,11.05,11.36,-0.31,-2.7289,122182.61,135631.702
600785.SH,20250120,11.13,11.33,10.95,11.18,11.05,0.13,1.1765,97551.0,109057.924
600785.SH,20250121,11.2,11.32,11.04,11.2,11.18,0.02,0.1789,99182.01,110771.753
600785.SH,20250122,11.13,11.18,10.75,10.79,11.2,-0.41,-3.6607,92924.0,101398.954
600785.SH,20250123,10.9,11.06,10.72,10.74,10.79,-0.05,-0.4634,75791.0,82603.497
600785.SH,20250124,10.8,10.98,10.62,10.89,10.74,0.15,1.3966,67441.51,72989.803
600785.SH,20250127,10.99,11.08,10.8,10.83,10.89,-0.06,-0.551,65637.0,71833.9
600785.SH,20250205,10.81,10.9,10.44,10.48,10.83,-0.35,-3.2318,76648.0,80889.632
600785.SH,20250206,10.48,10.63,10.42,10.62,10.48,0.14,1.3359,64558.01,68072.614
600785.SH,20250207,10.58,11.68,10.58,11.68,10.62,1.06,9.9812,177576.06,202748.417
600785.SH,20250210,11.6,12.85,11.41,12.85,11.68,1.17,10.0171,475890.89,577542.955
600785.SH,20250211,12.9,12.9,11.99,12.15,12.85,-0.7,-5.4475,394895.23,487047.914
600785.SH,20250212,11.98,12.33,11.96,12.18,12.15,0.03,0.2469,222484.0,270231.344
600785.SH,20250213,12.18,12.45,12.0,12.08,12.18,-0.1,-0.821,244654.02,299093.206
600785.SH,20250214,11.99,12.12,11.83,11.89,12.08,-0.19,-1.5728,152983.0,182610.3
600785.SH,20250217,11.93,12.24,11.73,12.12,11.89,0.23,1.9344,168124.0,202094.221
600785.SH,20250218,12.15,12.17,11.5,11.52,12.12,-0.6,-4.9505,142463.0,168091.486
600785.SH,20250219,11.5,11.78,11.43,11.75,11.52,0.23,1.9965,102640.0,119244.712
600785.SH,20250220,11.73,12.09,11.73,12.0,11.75,0.25,2.1277,138605.0,165644.206
600785.SH,20250221,11.91,12.01,11.6,11.78,12.0,-0.22,-1.8333,119670.48,140783.768
600785.SH,20250224,11.75,11.88,11.63,11.74,11.78,-0.04,-0.3396,82959.49,97377.215
600785.SH,20250225,11.64,11.94,11.62,11.67,11.74,-0.07,-0.5963,90679.01,106583.477
600785.SH,20250226,11.66,12.37,11.65,12.15,11.67,0.48,4.1131,192600.0,232185.849
600785.SH,20250227,12.14,12.78,11.99,12.44,12.15,0.29,2.3868,301069.01,373048.288
600785.SH,20250228,12.25,12.48,11.75,11.8,12.44,-0.64,-5.1447,196910.0,237308.846
600785.SH,20250303,11.8,11.89,11.56,11.58,11.8,-0.22,-1.8644,122636.36,143325.238
600785.SH,20250304,11.58,11.61,11.39,11.57,11.58,-0.01,-0.0864,85377.01,97936.43
600785.SH,20250305,11.54,11.72,11.26,11.72,11.57,0.15,1.2965,102403.97,117875.778
600785.SH,20250306,11.7,11.84,11.57,11.76,11.72,0.04,0.3413,98192.56,115172.605
600785.SH,20250307,11.7,11.8,11.49,11.57,11.76,-0.19,-1.6156,77853.93,90629.394
600785.SH,20250310,11.5,11.91,11.5,11.81,11.57,0.24,2.0743,107570.0,126729.194
600785.SH,20250311,11.63,11.88,11.62,11.85,11.81,0.04,0.3387,80024.0,94027.57
600785.SH,20250312,11.92,12.02,11.81,11.94,11.85,0.09,0.7595,91447.0,108947.836
600785.SH,20250313,11.87,11.99,11.72,11.92,11.94,-0.02,-0.1675,77116.0,91470.59
600785.SH,20250314,11.98,12.36,11.93,12.3,11.92,0.38,3.1879,148870.25,181655.04
600785.SH,20250317,12.39,12.49,12.18,12.24,12.3,-0.06,-0.4878,124543.0,153113.398
600785.SH,20250318,12.21,12.25,12.05,12.13,12.24,-0.11,-0.8987,77665.0,94232.129
600785.SH,20250319,12.05,12.13,11.98,12.04,12.13,-0.09,-0.742,59219.0,71336.633
600785.SH,20250320,12.1,12.52,11.99,12.33,12.04,0.29,2.4086,143826.55,176171.492
600785.SH,20250321,12.38,13.16,12.28,12.42,12.33,0.09,0.7299,240626.25,302816.697
600785.SH,20250324,12.66,12.66,11.42,11.68,12.42,-0.74,-5.9581,201965.0,240334.223
600785.SH,20250325,11.77,11.77,11.51,11.64,11.68,-0.04,-0.3425,97207.07,113101.741
600785.SH,20250326,11.7,12.19,11.6,11.99,11.64,0.35,3.0069,114255.93,136251.24
600785.SH,20250327,11.99,12.18,11.8,11.82,11.99,-0.17,-1.4178,77159.06,91937.029
600785.SH,20250328,11.75,11.79,11.42,11.42,11.82,-0.4,-3.3841,87494.9,101011.696
600785.SH,20250331,11.29,11.44,11.14,11.41,11.42,-0.01,-0.0876,77758.18,87815.272
600785.SH,20250401,11.4,11.57,11.35,11.47,11.41,0.06,0.5259,53235.01,61140.35
600785.SH,20250402,11.48,11.51,11.35,11.38,11.47,-0.09,-0.7847,43141.07,49284.7
600785.SH,20250403,11.22,11.7,11.18,11.68,11.38,0.3,2.6362,93021.69,107838.743
600785.SH,20250407,11.16,11.63,10.68,10.8,11.68,-0.88,-7.5342,154760.72,171030.385
600785.SH,20250408,11.1,11.88,11.06,11.88,10.8,1.08,10.0,96349.01,112665.4
600785.SH,20250409,12.29,12.8,11.93,12.46,11.88,0.58,4.8822,380732.96,469465.513
600785.SH,20250410,12.02,13.38,12.02,13.05,12.46,0.59,4.7352,422246.78,538531.268
600785.SH,20250411,12.82,13.06,12.5,12.56,13.05,-0.49,-3.7548,297591.65,378538.184
600785.SH,20250414,12.56,13.25,12.55,13.01,12.56,0.45,3.5828,302008.35,392599.845
600785.SH,20250415,12.86,13.32,12.6,12.72,13.01,-0.29,-2.2291,241049.34,310192.057
600785.SH,20250416,12.65,13.08,12.51,12.96,12.72,0.24,1.8868,222044.69,285353.728
600785.SH,20250417,12.8,13.32,12.71,13.22,12.96,0.26,2.0062,295793.96,388088.121
600785.SH,20250418,13.12,13.85,12.75,13.54,13.22,0.32,2.4206,343576.76,457933.327
600785.SH,20250421,13.3,13.74,13.01,13.27,13.54,-0.27,-1.9941,268510.01,359169.621
600785.SH,20250422,13.02,13.39,12.89,13.14,13.27,-0.13,-0.9797,230524.01,302523.701
600785.SH,20250423,13.3,13.3,12.31,12.55,13.14,-0.59,-4.4901,271404.0,344695.04
600785.SH,20250424,12.71,13.08,12.41,12.69,12.55,0.14,1.1155,184444.0,232967.085
600785.SH,20250425,12.63,12.94,12.4,12.56,12.69,-0.13,-1.0244,170915.93,216745.989
600785.SH,20250428,12.71,12.86,12.51,12.63,12.56,0.07,0.5573,129475.0,164044.898
600785.SH,20250429,12.55,12.68,12.34,12.55,12.63,-0.08,-0.6334,133436.0,166615.438
600785.SH,20250430,12.6,12.76,12.25,12.26,12.55,-0.29,-2.3108,129219.0,161043.73
600785.SH,20250506,12.25,12.47,12.15,12.44,12.26,0.18,1.4682,95992.05,118758.499
600785.SH,20250507,12.52,12.72,12.49,12.56,12.44,0.12,0.9646,105263.0,132226.132
600785.SH,20250508,12.5,12.72,12.37,12.61,12.56,0.05,0.3981,118866.0,150032.76
600785.SH,20250509,12.59,12.61,12.36,12.4,12.61,-0.21,-1.6653,80239.0,99844.531
600785.SH,20250512,12.41,12.49,12.23,12.28,12.4,-0.12,-0.9677,73994.01,90985.824
600785.SH,20250513,12.31,12.4,12.15,12.18,12.28,-0.1,-0.8143,62413.0,76380.128
600785.SH,20250514,12.18,12.31,12.04,12.26,12.18,0.08,0.6568,59389.01,72595.323
600785.SH,20250515,12.23,12.34,12.09,12.24,12.26,-0.02,-0.1631,67610.0,82687.749
600785.SH,20250516,12.2,12.3,12.07,12.28,12.24,0.04,0.3268,50070.01,61125.384
600785.SH,20250519,12.25,12.54,12.25,12.5,12.28,0.22,1.7915,81052.01,100867.38
600785.SH,20250520,12.52,12.65,12.46,12.54,12.5,0.04,0.32,81714.0,102692.689
600785.SH,20250521,12.49,12.65,12.34,12.45,12.54,-0.09,-0.7177,65957.0,82333.484
600785.SH,20250522,12.35,12.74,12.04,12.06,12.45,-0.39,-3.1325,77420.0,95236.814
600785.SH,20250523,12.05,12.13,11.72,11.72,12.06,-0.34,-2.8192,71064.0,84654.511
600785.SH,20250526,11.7,11.92,11.66,11.92,11.72,0.2,1.7065,41901.01,49526.749
600785.SH,20250527,11.88,12.06,11.83,11.99,11.92,0.07,0.5872,38767.0,46338.03
600785.SH,20250528,11.99,12.19,11.93,12.07,11.99,0.08,0.6672,49059.0,59150.216
600785.SH,20250529,12.01,12.15,11.87,12.14,12.07,0.07,0.58,41181.33,49744.393
600785.SH,20250530,12.15,12.19,11.95,12.0,12.14,-0.14,-1.1532,36151.25,43510.035
600785.SH,20250603,11.91,12.24,11.9,12.18,12.0,0.18,1.5,46821.0,56852.339
600785.SH,20250604,12.23,12.46,12.13,12.43,12.18,0.25,2.0525,66898.09,82542.004
600785.SH,20250605,12.37,12.42,12.14,12.16,12.43,-0.27,-2.1722,49504.0,60574.12
600785.SH,20250606,12.16,12.2,12.05,12.15,12.16,-0.01,-0.0822,31088.0,37661.47
600785.SH,20250609,12.2,12.28,12.15,12.24,12.15,0.09,0.7407,41314.0,50426.781
600785.SH,20250610,12.24,12.32,11.96,12.13,12.24,-0.11,-0.8987,55421.0,67340.448
600785.SH,20250611,12.12,12.31,12.11,12.25,12.13,0.12,0.9893,39044.0,47790.721
600785.SH,20250612,12.29,12.29,12.14,12.26,12.25,0.01,0.0816,37465.0,45768.431
600785.SH,20250613,12.21,12.23,11.89,11.9,12.26,-0.36,-2.9364,56038.0,67243.041
600785.SH,20250616,11.83,12.06,11.83,11.95,11.9,0.05,0.4202,29011.0,34780.239
600785.SH,20250617,11.98,12.06,11.84,11.85,11.95,-0.1,-0.8368,29725.0,35420.24
600785.SH,20250618,11.85,11.85,11.61,11.73,11.85,-0.12,-1.0127,37915.0,44369.427
600785.SH,20250619,11.7,11.73,11.45,11.47,11.73,-0.26,-2.2165,43381.0,50176.732
600785.SH,20250620,11.22,11.35,11.19,11.2,11.22,-0.02,-0.1783,25284.0,28476.381
600785.SH,20250623,11.2,11.43,11.14,11.38,11.2,0.18,1.6071,25627.0,29033.397
600785.SH,20250624,11.39,11.64,11.39,11.58,11.38,0.2,1.7575,34989.0,40388.477
600785.SH,20250625,11.77,11.9,11.6,11.74,11.58,0.16,1.3817,53749.0,62999.974
600785.SH,20250626,11.7,11.81,11.61,11.72,11.74,-0.02,-0.1704,42182.0,49374.663
600785.SH,20250627,11.72,11.78,11.66,11.72,11.72,0.0,0.0,34418.08,40329.792
600785.SH,20250630,11.76,11.76,11.66,11.73,11.72,0.01,0.0853,25578.0,29960.176
600785.SH,20250701,11.74,11.78,11.65,11.76,11.73,0.03,0.2558,36169.01,42467.566
600785.SH,20250702,11.77,11.95,11.75,11.94,11.76,0.18,1.5306,45997.08,54671.379
600785.SH,20250703,11.81,12.58,11.81,12.1,11.94,0.16,1.34,106079.18,129465.694
600785.SH,20250704,12.17,12.35,11.89,11.92,12.1,-0.18,-1.4876,86974.01,104656.317
600785.SH,20250707,12.02,12.14,11.84,12.09,11.92,0.17,1.4262,62242.0,74856.379
600785.SH,20250708,12.1,12.2,12.0,12.1,12.09,0.01,0.0827,45503.0,54915.962
600785.SH,20250709,12.1,12.14,12.02,12.04,12.1,-0.06,-0.4959,44275.19,53521.048
600785.SH,20250710,12.02,12.13,11.98,12.12,12.04,0.08,0.6645,36976.19,44715.683
600785.SH,20250711,11.86,12.03,11.82,11.99,12.12,-0.13,-1.0726,64097.49,76455.7
600785.SH,20250714,11.99,12.25,11.94,12.1,11.99,0.11,0.9174,50083.05,60439.027
600785.SH,20250715,12.09,12.14,11.77,11.87,12.1,-0.23,-1.9008,50703.0,60183.236
600785.SH,20250716,11.86,12.05,11.85,12.05,11.87,0.18,1.5164,41027.01,49199.764
600785.SH,20250717,12.05,12.24,11.98,12.01,12.05,-0.04,-0.332,62752.0,75825.427
600785.SH,20250718,12.1,12.15,11.9,11.98,12.01,-0.03,-0.2498,47180.01,56501.36
600785.SH,20250721,11.98,12.15,11.94,12.12,11.98,0.14,1.1686,59705.01,72087.925
600785.SH,20250722,12.13,12.15,12.06,12.12,12.12,0.0,0.0,41237.02,49883.758
600785.SH,20250723,12.13,12.29,12.09,12.11,12.12,-0.01,-0.0825,57313.0,69827.386
600785.SH,20250724,12.1,12.28,12.1,12.25,12.11,0.14,1.1561,50355.37,61580.474
600785.SH,20250725,12.22,12.32,12.16,12.18,12.25,-0.07,-0.5714,42329.01,51738.945
600785.SH,20250728,12.2,12.26,12.16,12.22,12.18,0.04,0.3284,38091.02,46499.21
600785.SH,20250729,12.2,12.26,11.98,12.15,12.22,-0.07,-0.5728,45451.0,54945.027
600785.SH,20250730,12.1,12.32,12.1,12.27,12.15,0.12,0.9877,65338.66,79822.028
600785.SH,20250731,12.18,12.19,11.96,12.03,12.27,-0.24,-1.956,56356.03,67930.885
600785.SH,20250801,12.0,12.26,11.97,12.22,12.03,0.19,1.5794,60707.25,73960.911
600785.SH,20250804,12.17,12.41,12.04,12.32,12.22,0.1,0.8183,75029.67,91976.849
600785.SH,20250805,12.32,13.55,12.32,12.76,12.32,0.44,3.5714,291856.43,378672.32
600785.SH,20250806,12.61,12.86,12.5,12.52,12.76,-0.24,-1.8809,182644.59,229881.344
600785.SH,20250807,12.59,12.93,12.48,12.86,12.52,0.34,2.7157,184335.84,235474.77
600785.SH,20250808,12.97,12.97,12.63,12.77,12.86,-0.09,-0.6998,134347.65,171687.599
600785.SH,20250811,12.72,12.92,12.6,12.8,12.77,0.03,0.2349,104411.66,133475.074
600785.SH,20250812,12.83,12.92,12.7,12.74,12.8,-0.06,-0.4688,81046.44,103560.942
600785.SH,20250813,12.91,13.1,12.67,12.73,12.74,-0.01,-0.0785,96225.01,123060.406
600785.SH,20250814,12.71,12.77,12.47,12.47,12.73,-0.26,-2.0424,99253.0,124934.067
600785.SH,20250815,12.45,12.62,12.41,12.59,12.47,0.12,0.9623,61886.01,77714.856
600785.SH,20250818,12.64,12.74,12.55,12.65,12.59,0.06,0.4766,67991.0,85943.743
600785.SH,20250819,12.65,12.8,12.53,12.8,12.65,0.15,1.1858,82746.02,105452.32
600785.SH,20250820,12.8,13.79,12.72,13.29,12.8,0.49,3.8281,213692.18,281368.645
600785.SH,20250821,13.2,14.1,13.01,13.69,13.29,0.4,3.0098,253417.3,344858.351
600785.SH,20250822,13.4,13.61,13.14,13.33,13.69,-0.36,-2.6297,169842.03,225962.155
600785.SH,20250825,13.41,13.78,13.09,13.68,13.33,0.35,2.6257,215132.01,286822.798
600785.SH,20250826,13.52,13.6,13.35,13.41,13.68,-0.27,-1.9737,133158.0,179325.484
600785.SH,20250827,13.42,13.5,13.07,13.08,13.41,-0.33,-2.4609,139453.05,185452.356
600785.SH,20250828,13.02,13.24,12.68,12.95,13.08,-0.13,-0.9939,125720.53,162961.623
600785.SH,20250829,12.96,13.15,12.78,12.87,12.95,-0.08,-0.6178,108002.02,139930.056
600785.SH,20250901,12.8,13.33,12.72,13.04,12.87,0.17,1.3209,120332.01,157717.438
600785.SH,20250902,13.05,13.2,12.86,12.95,13.04,-0.09,-0.6902,91034.53,118508.732
600785.SH,20250903,12.93,13.15,12.51,12.58,12.95,-0.37,-2.8571,93494.08,119985.413
600785.SH,20250904,12.58,13.3,12.54,13.19,12.58,0.61,4.849,189670.0,247976.497
600785.SH,20250905,13.23,13.24,12.66,13.09,13.19,-0.1,-0.7582,130264.15,168397.261
600785.SH,20250908,13.01,13.19,12.83,13.0,13.09,-0.09,-0.6875,80707.38,104946.25
600785.SH,20250909,12.96,13.12,12.88,12.99,13.0,-0.01,-0.0769,85562.03,111218.233
600785.SH,20250910,13.05,13.78,13.03,13.66,12.99,0.67,5.1578,260496.33,351169.963
600785.SH,20250911,13.8,15.03,13.75,15.03,13.66,1.37,10.0293,380912.96,566812.513
600785.SH,20250912,15.32,16.3,14.97,15.01,15.03,-0.02,-0.1331,505378.93,786567.802
600785.SH,20250915,15.0,15.22,14.6,14.78,15.01,-0.23,-1.5323,259353.8,387288.976
600785.SH,20250916,14.78,15.35,14.63,15.17,14.78,0.39,2.6387,246608.0,372136.016
600785.SH,20250917,15.2,15.62,14.72,14.82,15.17,-0.35,-2.3072,247193.03,371789.934
600785.SH,20250918,15.12,16.11,14.2,14.38,14.82,-0.44,-2.969,334553.51,499502.318
600785.SH,20250919,14.09,14.2,13.48,13.61,14.38,-0.77,-5.3547,232951.04,319552.057
600785.SH,20250922,13.91,14.54,13.32,13.33,13.61,-0.28,-2.0573,195429.23,268082.133
600785.SH,20250923,13.59,13.59,12.61,12.9,13.33,-0.43,-3.2258,177801.51,229394.19
600785.SH,20250924,12.75,13.1,12.63,13.07,12.9,0.17,1.3178,116305.51,150650.714
600785.SH,20250925,13.08,13.32,12.9,13.21,13.07,0.14,1.0712,108651.0,143013.701
600785.SH,20250926,13.13,13.2,12.91,12.94,13.21,-0.27,-2.0439,87104.09,113496.613
600785.SH,20250929,12.96,13.2,12.72,13.13,12.94,0.19,1.4683,77435.17,100786.313
600785.SH,20250930,13.13,13.2,12.98,13.07,13.13,-0.06,-0.457,72472.0,94514.22
600785.SH,20251009,13.0,13.02,12.69,12.82,13.07,-0.25,-1.9128,91565.5,117221.383
600785.SH,20251010,12.82,13.08,12.79,12.85,12.82,0.03,0.234,80734.58,104328.819
600785.SH,20251013,12.49,12.89,12.35,12.84,12.85,-0.01,-0.0778,69701.01,88554.748
600785.SH,20251014,12.82,13.17,12.82,12.9,12.84,0.06,0.4673,93134.01,120933.837
600785.SH,20251015,12.93,13.33,12.85,13.25,12.9,0.35,2.7132,128713.0,170055.454
600785.SH,20251016,13.15,13.34,13.04,13.09,13.25,-0.16,-1.2075,79818.03,104898.652
600785.SH,20251017,13.1,13.31,13.01,13.07,13.09,-0.02,-0.1528,86500.0,113959.137
600785.SH,20251020,13.2,13.2,12.92,13.1,13.07,0.03,0.2295,55395.51,72166.136
600785.SH,20251021,13.09,13.3,13.01,13.29,13.1,0.19,1.4504,59276.01,78266.065
600785.SH,20251022,13.22,13.38,13.18,13.34,13.29,0.05,0.3762,53742.5,71587.24
600785.SH,20251023,13.32,13.8,13.25,13.62,13.34,0.28,2.099,119737.03,161714.61
600785.SH,20251024,13.62,13.64,13.36,13.43,13.62,-0.19,-1.395,90329.01,121544.258
600785.SH,20251027,13.33,13.55,13.29,13.46,13.43,0.03,0.2234,68065.06,91297.051
600785.SH,20251028,13.36,13.45,13.33,13.37,13.46,-0.09,-0.6686,46657.0,62445.162
600785.SH,20251029,13.29,13.4,13.12,13.17,13.37,-0.2,-1.4959,55457.51,73134.263
600785.SH,20251030,13.29,13.43,13.13,13.19,13.17,0.02,0.1519,56740.04,75213.517
600785.SH,20251031,13.19,13.43,13.18,13.38,13.19,0.19,1.4405,63242.05,84459.615
600785.SH,20251103,13.4,13.47,13.35,13.43,13.38,0.05,0.3737,45254.0,60691.387
600785.SH,20251104,13.44,13.65,13.37,13.58,13.43,0.15,1.1169,70839.0,95824.345
600785.SH,20251105,13.54,13.86,13.42,13.78,13.58,0.2,1.4728,94743.01,130026.838
600785.SH,20251106,13.76,13.76,13.48,13.62,13.78,-0.16,-1.1611,62333.0,84667.511
600785.SH,20251107,13.63,13.66,13.53,13.53,13.62,-0.09,-0.6608,51356.0,69785.945
600785.SH,20251110,13.6,13.95,13.42,13.92,13.53,0.39,2.8825,100748.0,138977.635
600785.SH,20251111,13.88,14.09,13.76,14.05,13.92,0.13,0.9339,106028.0,147948.558
600785.SH,20251112,14.17,14.86,14.03,14.08,14.05,0.03,0.2135,189840.01,271093.344
600785.SH,20251113,14.19,14.32,13.88,14.23,14.08,0.15,1.0653,122151.5,172136.397
600785.SH,20251114,14.19,14.52,14.06,14.07,14.23,-0.16,-1.1244,90929.01,129600.34
600785.SH,20251117,14.13,14.2,13.94,14.02,14.07,-0.05,-0.3554,69015.01,96763.216
600785.SH,20251118,13.95,14.02,13.69,13.83,14.02,-0.19,-1.3552,61921.0,85399.255
600785.SH,20251119,13.78,13.97,13.7,13.82,13.83,-0.01,-0.0723,50041.0,69172.81
600785.SH,20251120,13.81,13.81,13.44,13.52,13.82,-0.3,-2.1708,62662.0,85012.534
600785.SH,20251121,13.37,13.55,12.86,12.87,13.42,-0.55,-4.0984,70710.01,92611.269
600785.SH,20251124,12.92,13.08,12.89,12.98,12.87,0.11,0.8547,45283.01,58828.824
600785.SH,20251125,13.08,13.16,12.94,13.06,12.98,0.08,0.6163,35511.01,46412.261
600785.SH,20251126,13.02,13.29,13.02,13.24,13.06,0.18,1.3783,63750.07,83896.322
600785.SH,20251127,13.23,13.78,13.2,13.44,13.24,0.2,1.5106,109677.0,148002.877
600785.SH,20251128,13.4,14.18,13.16,13.9,13.44,0.46,3.4226,164834.11,226035.982
600785.SH,20251201,13.88,13.97,13.66,13.83,13.9,-0.07,-0.5036,116288.0,160459.868
600785.SH,20251202,13.81,13.91,13.68,13.81,13.83,-0.02,-0.1446,82837.58,114189.614
600785.SH,20251203,13.74,13.8,13.48,13.66,13.81,-0.15,-1.0862,70944.58,96781.351
600785.SH,20251204,13.65,13.67,13.38,13.39,13.66,-0.27,-1.9766,50395.0,67935.371
600785.SH,20251205,13.35,13.47,13.25,13.4,13.39,0.01,0.0747,47940.04,64085.571
600785.SH,20251208,13.39,13.53,13.28,13.42,13.4,0.02,0.1493,44244.01,59423.245
600785.SH,20251209,13.42,13.68,13.17,13.55,13.42,0.13,0.9687,91282.01,123235.503
600785.SH,20251210,14.56,14.57,13.68,13.77,13.55,0.22,1.6236,231763.01,325380.319
600785.SH,20251211,13.76,13.86,13.17,13.41,13.77,-0.36,-2.6144,164840.0,220364.236
600785.SH,20251212,13.43,13.45,12.94,12.95,13.41,-0.46,-3.4303,128233.01,167903.202
600785.SH,20251215,12.95,13.85,12.92,13.48,12.95,0.53,4.0927,139766.03,186597.348
600785.SH,20251216,13.46,14.06,13.45,13.75,13.48,0.27,2.003,168382.0,233027.238
600785.SH,20251217,13.95,14.07,13.5,13.77,13.75,0.02,0.1455,156529.5,215745.691
600785.SH,20251218,13.5,14.4,13.5,14.13,13.77,0.36,2.6144,167633.59,235985.563
600785.SH,20251219,14.01,14.83,13.87,14.64,14.13,0.51,3.6093,187374.64,271274.956
600785.SH,20251222,14.59,14.69,14.28,14.37,14.64,-0.27,-1.8443,137729.01,198261.923
600785.SH,20251223,14.25,14.51,14.05,14.44,14.37,0.07,0.4871,151415.02,216201.179
600785.SH,20251224,14.3,14.33,13.94,14.1,14.44,-0.34,-2.3546,111163.0,156801.244
600785.SH,20251225,14.05,14.29,13.97,14.08,14.1,-0.02,-0.1418,78556.0,110603.452
600785.SH,20251226,14.0,14.41,13.96,13.98,14.08,-0.1,-0.7102,95730.03,135203.754
600785.SH,20251229,14.07,14.13,13.56,13.75,13.98,-0.23,-1.6452,91533.01,125969.301
600785.SH,20251230,13.67,13.69,13.43,13.48,13.75,-0.27,-1.9636,73364.0,99221.568
600785.SH,20251231,13.65,13.74,13.35,13.55,13.48,0.07,0.5193,65312.0,88238.822
600785.SH,20260105,13.51,13.57,13.36,13.4,13.55,-0.15,-1.107,87884.0,118055.23
600785.SH,20260106,13.38,13.64,13.33,13.62,13.4,0.22,1.6418,89629.09,121031.75
600785.SH,20260107,13.55,13.94,13.51,13.84,13.62,0.22,1.6153,104682.01,143846.587
600785.SH,20260108,13.72,13.88,13.58,13.76,13.84,-0.08,-0.578,77039.0,105680.884
600785.SH,20260109,13.75,14.05,13.7,14.02,13.76,0.26,1.8895,99973.0,139314.076
600785.SH,20260112,14.02,14.58,13.9,14.44,14.02,0.42,2.9957,155913.0,222596.196
600785.SH,20260113,14.43,14.57,14.14,14.14,14.44,-0.3,-2.0776,120441.4,173149.382
600785.SH,20260114,14.8,15.55,14.44,15.55,14.14,1.41,9.9717,136197.05,208905.429
600785.SH,20260115,17.11,17.11,16.52,17.11,15.55,1.56,10.0322,286319.97,486032.917
600785.SH,20260116,18.82,18.82,17.68,18.82,17.11,1.71,9.9942,506642.19,946178.29
600785.SH,20260119,18.72,20.7,18.69,20.7,18.82,1.88,9.9894,297140.52,600249.286
600785.SH,20260120,20.7,22.77,19.73,21.7,20.7,1.0,4.8309,560262.37,1212704.696
600785.SH,20260121,22.13,23.5,21.18,22.44,21.7,0.74,3.4101,446402.27,1001184.19
600785.SH,20260122,21.0,23.4,21.0,22.1,22.44,-0.34,-1.5152,454227.47,1016102.365
600785.SH,20260123,22.26,23.41,21.82,22.96,22.1,0.86,3.8914,315249.77,722948.805
600785.SH,20260126,22.95,24.24,22.25,23.45,22.96,0.49,2.1341,307675.1,713087.067
600785.SH,20260127,23.31,25.04,22.0,22.5,23.45,-0.95,-4.0512,371218.42,861336.562
600785.SH,20260128,22.6,23.42,20.28,20.9,22.5,-1.6,-7.1111,361823.04,788775.235
600785.SH,20260129,20.9,22.99,20.33,22.99,20.9,2.09,10.0,230360.24,499417.456
600785.SH,20260130,23.92,23.92,20.9,21.2,22.99,-1.79,-7.786,390419.38,849759.362
600785.SH,20260202,22.19,23.32,22.05,23.32,21.2,2.12,10.0,152266.45,349700.272
600785.SH,20260203,23.27,25.65,22.81,25.65,23.32,2.33,9.9914,467014.94,1134759.719
600785.SH,20260204,26.0,27.76,25.0,25.35,25.65,-0.3,-1.1696,544932.91,1421416.846
600785.SH,20260205,25.35,25.75,23.26,24.4,25.35,-0.95,-3.7475,413967.76,1005198.96
600785.SH,20260206,24.98,25.28,22.0,22.58,24.4,-1.82,-7.459,404314.8,918752.291
600785.SH,20260209,22.72,23.5,21.76,22.12,22.58,-0.46,-2.0372,338739.18,755905.479
600785.SH,20260210,21.8,21.83,20.0,20.47,22.12,-1.65,-7.4593,368675.12,753930.342
600785.SH,20260211,20.43,22.0,20.08,21.22,20.47,0.75,3.6639,320529.62,677113.056
600785.SH,20260212,20.97,21.46,20.46,20.55,21.22,-0.67,-3.1574,225120.61,468354.715
600785.SH,20260213,20.9,20.93,20.24,20.61,20.55,0.06,0.292,144326.17,297111.251
600785.SH,20260224,20.52,21.49,20.08,21.29,20.61,0.68,3.2994,167654.02,351146.644
600785.SH,20260225,21.2,22.42,20.94,22.06,21.29,0.77,3.6167,195244.46,424712.872
600785.SH,20260226,21.77,22.38,20.88,21.16,22.06,-0.9,-4.0798,205018.61,442930.113
600785.SH,20260227,21.0,21.25,20.74,20.98,21.16,-0.18,-0.8507,125194.0,263144.558
600785.SH,20260302,20.22,21.2,20.16,20.25,20.98,-0.73,-3.4795,137846.04,283437.586
600785.SH,20260303,20.2,20.46,19.2,19.32,20.25,-0.93,-4.5926,131361.15,258677.159
600785.SH,20260304,19.16,19.61,18.91,19.17,19.32,-0.15,-0.7764,77534.07,149274.034
600785.SH,20260305,19.43,19.73,19.18,19.35,19.17,0.18,0.939,73829.05,143484.371
600785.SH,20260306,19.25,19.94,19.14,19.47,19.35,0.12,0.6202,66727.26,130732.537
600785.SH,20260309,18.97,19.5,18.96,19.4,19.47,-0.07,-0.3595,94400.03,181427.537
600785.SH,20260310,19.49,19.67,19.27,19.36,19.4,-0.04,-0.2062,58827.02,114015.078
600785.SH,20260311,19.37,19.77,19.3,19.4,19.36,0.04,0.2066,83230.0,162507.032
600785.SH,20260312,19.35,19.45,19.04,19.23,19.4,-0.17,-0.8763,52005.0,100058.47
600785.SH,20260313,19.19,19.97,19.03,19.32,19.23,0.09,0.468,80275.39,156174.1
600785.SH,20260316,18.99,19.39,18.76,18.98,19.32,-0.34,-1.7598,57389.75,108952.163
600785.SH,20260317,19.07,19.09,18.45,18.47,18.98,-0.51,-2.687,58684.0,109904.335
600785.SH,20260318,18.45,18.61,18.3,18.51,18.47,0.04,0.2166,56247.0,103722.887
600785.SH,20260319,18.32,18.46,17.88,18.04,18.51,-0.47,-2.5392,54118.0,97867.69
600785.SH,20260320,18.0,18.28,17.65,17.75,18.04,-0.29,-1.6075,49936.0,89201.321
600785.SH,20260323,17.33,17.42,16.43,16.56,17.75,-1.19,-6.7042,83804.01,142265.547
600785.SH,20260324,16.94,17.31,16.84,17.25,16.56,0.69,4.1667,88474.5,151239.79
600785.SH,20260325,17.3,17.88,17.27,17.67,17.25,0.42,2.4348,51706.0,90911.904
600785.SH,20260326,17.9,17.9,17.16,17.3,17.67,-0.37,-2.0939,42323.05,73594.341
600785.SH,20260327,17.07,17.58,17.07,17.52,17.3,0.22,1.2717,43845.0,76540.817
600785.SH,20260330,17.33,17.55,17.08,17.4,17.52,-0.12,-0.6849,45903.02,79417.012
600785.SH,20260331,17.54,17.55,16.93,16.95,17.4,-0.45,-2.5862,40720.0,70092.813
600785.SH,20260401,17.17,17.4,17.0,17.27,16.95,0.32,1.8879,40069.0,69069.862
600785.SH,20260402,17.15,17.21,16.85,16.99,17.27,-0.28,-1.6213,34322.0,58359.258
600785.SH,20260403,17.13,17.13,16.38,16.56,16.99,-0.43,-2.5309,32082.0,53160.086
600785.SH,20260407,16.39,16.91,16.38,16.87,16.56,0.31,1.872,44130.0,73704.772
600785.SH,20260408,17.16,18.15,16.96,17.84,16.87,0.97,5.7499,97802.0,172029.298
600785.SH,20260409,17.6,17.79,17.12,17.29,17.84,-0.55,-3.083,107707.08,187370.22
600785.SH,20260410,17.64,17.7,17.24,17.31,17.29,0.02,0.1157,64405.03,112341.221
600785.SH,20260413,17.31,18.07,17.21,17.53,17.31,0.22,1.2709,82138.01,144609.607
600785.SH,20260414,17.61,17.68,17.39,17.61,17.53,0.08,0.4564,51517.0,90178.54
600785.SH,20260415,17.61,18.05,17.38,17.72,17.61,0.11,0.6246,76407.01,134996.478
600785.SH,20260416,17.68,18.58,17.42,18.07,17.72,0.35,1.9752,118364.28,213459.37
600785.SH,20260417,18.0,18.28,17.67,17.8,18.07,-0.27,-1.4942,83521.0,149157.975
600785.SH,20260420,17.68,17.96,17.42,17.7,17.8,-0.1,-0.5618,63600.23,112477.78
600785.SH,20260421,17.56,17.74,17.24,17.37,17.7,-0.33,-1.8644,58952.0,102682.077
600785.SH,20260422,17.13,17.62,17.13,17.38,17.37,0.01,0.0576,60631.0,105418.75
600785.SH,20260423,17.48,17.69,17.04,17.22,17.38,-0.16,-0.9206,72656.19,125744.61
600785.SH,20260424,17.05,17.3,16.63,16.71,17.22,-0.51,-2.9617,55268.0,92998.277
600785.SH,20260427,16.56,17.25,16.46,16.97,16.71,0.26,1.556,76352.01,128827.241
600785.SH,20260428,16.83,17.21,16.5,16.62,16.97,-0.35,-2.0625,61927.19,103784.933
600785.SH,20260429,16.62,18.11,16.55,17.69,16.62,1.07,6.438,108778.69,190901.057
600785.SH,20260430,17.69,17.9,17.25,17.36,17.69,-0.33,-1.8655,73810.03,129469.091
600785.SH,20260506,17.36,18.8,17.15,18.26,17.36,0.9,5.1843,123718.03,224779.398
600785.SH,20260507,18.39,18.65,17.88,18.39,18.26,0.13,0.7119,92277.01,168246.724
600785.SH,20260508,18.34,18.78,18.01,18.06,18.39,-0.33,-1.7945,100069.84,184442.89
600785.SH,20260511,18.02,18.63,17.8,18.29,18.06,0.23,1.2735,96131.01,175211.526
600785.SH,20260512,18.28,18.5,18.1,18.25,18.29,-0.04,-0.2187,65191.03,119178.819
600785.SH,20260513,18.08,18.38,18.05,18.16,18.25,-0.09,-0.4932,62069.0,113000.85
600785.SH,20260514,18.13,18.46,18.03,18.18,18.16,0.02,0.1101,68039.07,124122.488
600785.SH,20260515,18.12,18.2,17.22,17.32,18.18,-0.86,-4.7305,80095.0,140988.71
600785.SH,20260518,17.46,17.68,17.24,17.63,17.32,0.31,1.7898,51736.01,90300.666
600785.SH,20260519,17.49,19.39,17.49,18.18,17.63,0.55,3.1197,209299.94,387736.8
600785.SH,20260520,18.48,18.65,17.18,17.34,18.18,-0.84,-4.6205,177992.01,314736.228
600785.SH,20260521,17.34,17.52,16.29,16.38,17.34,-0.96,-5.5363,129917.0,219415.749
600785.SH,20260522,16.36,16.72,16.17,16.52,16.38,0.14,0.8547,67307.0,110901.331
600785.SH,20260525,16.33,16.56,16.06,16.19,16.52,-0.33,-1.9976,54153.0,87847.964
